scores: 

Bleu_1: 0.41366
Bleu_2: 0.24020
Bleu_3: 0.15804
Bleu_4: 0.10800
METEOR: 0.15485
ROUGE_L: 0.38584
